{"config": {"seq_len": 96, "label_len": 48, "pred_len": 24, "enc_in": 118, "num_input_waves": 118, "dec_in": 4, "c_out": 4, "d_model": 32, "n_heads": 4, "e_layers": 1, "d_layers": 1, "dropout": 0.0, "embed": "timeF", "freq": "h", "use_mixture_decoder": false, "use_stochastic_learner": false, "use_hierarchical_mapping": false, "aggregate_waves_to_celestial": true}, "losses": [3.7916553020477295, 2.1800076961517334, 1.4261689186096191, 1.1707390546798706, 1.1280862092971802, 1.1076847314834595, 1.039764642715454, 0.9707145690917969, 0.9172899127006531, 0.8796544671058655, 0.8541552424430847, 0.8363356590270996, 0.8186718821525574, 0.7957785129547119, 0.7697640061378479, 0.743558406829834, 0.7198913097381592, 0.6995508074760437, 0.682009756565094, 0.6643857955932617], "grad_norms": [128.3402722105384, 76.8392596077174, 35.327423153910786, 18.248805679613724, 15.383092286414467, 18.52142138767522, 14.03056392018334, 10.092478325066622, 7.572882349573774, 5.709500047785696, 5.209028780591325, 6.018796101154294, 6.5823321599455085, 6.2549763076531235, 5.2682216961547965, 4.164242018425284, 3.4661632771676523, 3.427609683967603, 3.854819857100665, 4.298274756540195], "metadata_shapes": {"original_targets": [8, 96, 4], "phase_metadata": {}, "target_metadata": {}, "adjacency_matrix": [8, 13, 13], "celestial_metadata": {}, "fusion_metadata": {"astronomical_contribution": [], "learned_contribution": [], "attention_contribution": [], "combination_weights": [3], "final_edge_density": [], "market_context_norm": []}}, "adjacency_and_attention": {"adjacency": [{"key": "adjacency_matrix", "shape": [8, 13, 13], "value": [[0.0, 0.46478351950645447, 0.45822715759277344, 0.33799421787261963, 0.483288437128067, 0.3743324875831604, 0.582480788230896, 0.5993808507919312, 0.4719442129135132, 0.4789976477622986, 0.34096184372901917, 0.5561328530311584, 0.4839019477367401], [0.46478351950645447, 0.0, 0.409993052482605, 0.28259900212287903, 0.38813379406929016, 0.24221155047416687, 0.3016718924045563, 0.5131880640983582, 0.4445670247077942, 0.28134652972221375, 0.2565094530582428, 0.385525643825531, 0.30686381459236145], [0.45822715759277344, 0.409993052482605, 0.0, 0.2458474040031433, 0.30323904752731323, 0.1227058544754982, 0.39133307337760925, 0.2343928962945938, 0.1946602761745453, 0.2822089195251465, 0.2580800950527191, 0.29293856024742126, 0.17642271518707275], [0.33799421787261963, 0.28259900212287903, 0.2458474040031433, 0.0, 0.40502476692199707, 0.24579958617687225, 0.41133493185043335, 0.5103476643562317, 0.37645223736763, 0.38398468494415283, 0.35202378034591675, 0.5153222680091858, 0.33063051104545593], [0.483288437128067, 0.38813379406929016, 0.30323904752731323, 0.40502476692199707, 0.0, 0.19095639884471893, 0.3112525939941406, 0.3101804852485657, 0.31487512588500977, 0.33123478293418884, 0.3034023642539978, 0.3583745062351227, 0.2332245111465454], [0.3743324875831604, 0.24221155047416687, 0.1227058544754982, 0.24579958617687225, 0.19095639884471893, 0.0, 0.4954545795917511, 0.6029600501060486, 0.5048224925994873, 0.42339077591896057, 0.4186960756778717, 0.5679609179496765, 0.648493230342865], [0.582480788230896, 0.3016718924045563, 0.39133307337760925, 0.41133493185043335, 0.3112525939941406, 0.4954545795917511, 0.0, 0.36220782995224, 0.33856332302093506, 0.2919783890247345, 0.23676246404647827, 0.31965136528015137, 0.2836965024471283], [0.5993808507919312, 0.5131880640983582, 0.2343928962945938, 0.5103476643562317, 0.3101804852485657, 0.6029600501060486, 0.36220782995224, 0.0, 0.32035908102989197, 0.47005441784858704, 0.3113228976726532, 0.40712735056877136, 0.4219638407230377], [0.4719442129135132, 0.4445670247077942, 0.1946602761745453, 0.37645223736763, 0.31487512588500977, 0.5048224925994873, 0.33856332302093506, 0.32035908102989197, 0.0, 0.4271933436393738, 0.21768982708454132, 0.43569624423980713, 0.3897823393344879], [0.4789976477622986, 0.28134652972221375, 0.2822089195251465, 0.38398468494415283, 0.33123478293418884, 0.42339077591896057, 0.2919783890247345, 0.47005441784858704, 0.4271933436393738, 0.0, 0.31971797347068787, 0.35220545530319214, 0.4128236472606659], [0.34096184372901917, 0.2565094530582428, 0.2580800950527191, 0.35202378034591675, 0.3034023642539978, 0.4186960756778717, 0.23676246404647827, 0.3113228976726532, 0.21768982708454132, 0.31971797347068787, 0.0, 0.43001964688301086, 0.24086467921733856], [0.5561328530311584, 0.385525643825531, 0.29293856024742126, 0.5153222680091858, 0.3583745062351227, 0.5679609179496765, 0.31965136528015137, 0.40712735056877136, 0.43569624423980713, 0.35220545530319214, 0.43001964688301086, 0.0, 0.3890381157398224], [0.4839019477367401, 0.30686381459236145, 0.17642271518707275, 0.33063051104545593, 0.2332245111465454, 0.648493230342865, 0.2836965024471283, 0.4219638407230377, 0.3897823393344879, 0.4128236472606659, 0.24086467921733856, 0.3890381157398224, 0.0]]}], "attention": [{"key": "fusion_metadata.attention_contribution", "shape": [], "value": null}]}, "epoch_traces": [{"epoch": 0, "loss": 3.7916553020477295, "grad_norm": 128.3402722105384, "adjacency": [{"key": "adjacency_matrix", "shape": [8, 13, 13], "value": [[0.0, 0.46478351950645447, 0.45822715759277344, 0.33799421787261963, 0.483288437128067, 0.3743324875831604, 0.582480788230896, 0.5993808507919312, 0.4719442129135132, 0.4789976477622986, 0.34096184372901917, 0.5561328530311584, 0.4839019477367401], [0.46478351950645447, 0.0, 0.409993052482605, 0.28259900212287903, 0.38813379406929016, 0.24221155047416687, 0.3016718924045563, 0.5131880640983582, 0.4445670247077942, 0.28134652972221375, 0.2565094530582428, 0.385525643825531, 0.30686381459236145], [0.45822715759277344, 0.409993052482605, 0.0, 0.2458474040031433, 0.30323904752731323, 0.1227058544754982, 0.39133307337760925, 0.2343928962945938, 0.1946602761745453, 0.2822089195251465, 0.2580800950527191, 0.29293856024742126, 0.17642271518707275], [0.33799421787261963, 0.28259900212287903, 0.2458474040031433, 0.0, 0.40502476692199707, 0.24579958617687225, 0.41133493185043335, 0.5103476643562317, 0.37645223736763, 0.38398468494415283, 0.35202378034591675, 0.5153222680091858, 0.33063051104545593], [0.483288437128067, 0.38813379406929016, 0.30323904752731323, 0.40502476692199707, 0.0, 0.19095639884471893, 0.3112525939941406, 0.3101804852485657, 0.31487512588500977, 0.33123478293418884, 0.3034023642539978, 0.3583745062351227, 0.2332245111465454], [0.3743324875831604, 0.24221155047416687, 0.1227058544754982, 0.24579958617687225, 0.19095639884471893, 0.0, 0.4954545795917511, 0.6029600501060486, 0.5048224925994873, 0.42339077591896057, 0.4186960756778717, 0.5679609179496765, 0.648493230342865], [0.582480788230896, 0.3016718924045563, 0.39133307337760925, 0.41133493185043335, 0.3112525939941406, 0.4954545795917511, 0.0, 0.36220782995224, 0.33856332302093506, 0.2919783890247345, 0.23676246404647827, 0.31965136528015137, 0.2836965024471283], [0.5993808507919312, 0.5131880640983582, 0.2343928962945938, 0.5103476643562317, 0.3101804852485657, 0.6029600501060486, 0.36220782995224, 0.0, 0.32035908102989197, 0.47005441784858704, 0.3113228976726532, 0.40712735056877136, 0.4219638407230377], [0.4719442129135132, 0.4445670247077942, 0.1946602761745453, 0.37645223736763, 0.31487512588500977, 0.5048224925994873, 0.33856332302093506, 0.32035908102989197, 0.0, 0.4271933436393738, 0.21768982708454132, 0.43569624423980713, 0.3897823393344879], [0.4789976477622986, 0.28134652972221375, 0.2822089195251465, 0.38398468494415283, 0.33123478293418884, 0.42339077591896057, 0.2919783890247345, 0.47005441784858704, 0.4271933436393738, 0.0, 0.31971797347068787, 0.35220545530319214, 0.4128236472606659], [0.34096184372901917, 0.2565094530582428, 0.2580800950527191, 0.35202378034591675, 0.3034023642539978, 0.4186960756778717, 0.23676246404647827, 0.3113228976726532, 0.21768982708454132, 0.31971797347068787, 0.0, 0.43001964688301086, 0.24086467921733856], [0.5561328530311584, 0.385525643825531, 0.29293856024742126, 0.5153222680091858, 0.3583745062351227, 0.5679609179496765, 0.31965136528015137, 0.40712735056877136, 0.43569624423980713, 0.35220545530319214, 0.43001964688301086, 0.0, 0.3890381157398224], [0.4839019477367401, 0.30686381459236145, 0.17642271518707275, 0.33063051104545593, 0.2332245111465454, 0.648493230342865, 0.2836965024471283, 0.4219638407230377, 0.3897823393344879, 0.4128236472606659, 0.24086467921733856, 0.3890381157398224, 0.0]]}], "attention": [{"key": "fusion_metadata.attention_contribution", "shape": [], "value": null}]}, {"epoch": 1, "loss": 2.1800076961517334, "grad_norm": 76.8392596077174, "adjacency": [{"key": "adjacency_matrix", "shape": [8, 13, 13], "value": [[0.0, 0.44088923931121826, 0.4860406517982483, 0.36145681142807007, 0.3941686451435089, 0.27005499601364136, 0.5337105989456177, 0.4906580150127411, 0.4457454979419708, 0.47080081701278687, 0.32132482528686523, 0.39238229393959045, 0.46678683161735535], [0.44088923931121826, 0.0, 0.36424410343170166, 0.23537105321884155, 0.33181288838386536, 0.3498893082141876, 0.28933629393577576, 0.43590405583381653, 0.4325033724308014, 0.34331074357032776, 0.23646073043346405, 0.3007984161376953, 0.3508971333503723], [0.4860406517982483, 0.36424410343170166, 0.0, 0.1701834797859192, 0.23676228523254395, 0.11160631477832794, 0.3515249192714691, 0.2780340015888214, 0.2692907750606537, 0.28245100378990173, 0.24605925381183624, 0.2653357684612274, 0.24205927550792694], [0.36145681142807007, 0.23537105321884155, 0.1701834797859192, 0.0, 0.34240108728408813, 0.31257808208465576, 0.4707249701023102, 0.5112560391426086, 0.4290391206741333, 0.3990696668624878, 0.21365129947662354, 0.3474792540073395, 0.40038302540779114], [0.3941686451435089, 0.33181288838386536, 0.23676228523254395, 0.34240108728408813, 0.0, 0.2612296938896179, 0.42233917117118835, 0.3874756097793579, 0.4217433035373688, 0.33270999789237976, 0.18361374735832214, 0.36107948422431946, 0.32140570878982544], [0.27005499601364136, 0.3498893082141876, 0.11160631477832794, 0.31257808208465576, 0.2612296938896179, 0.0, 0.5136886835098267, 0.5273196697235107, 0.535889744758606, 0.45422831177711487, 0.3165847659111023, 0.4200364947319031, 0.6229228973388672], [0.5337105989456177, 0.28933629393577576, 0.3515249192714691, 0.4707249701023102, 0.42233917117118835, 0.5136886835098267, 0.0, 0.2812490463256836, 0.3205030858516693, 0.29069462418556213, 0.2294057011604309, 0.269459068775177, 0.30066534876823425], [0.4906580150127411, 0.43590405583381653, 0.2780340015888214, 0.5112560391426086, 0.3874756097793579, 0.5273196697235107, 0.2812490463256836, 0.0, 0.2936215400695801, 0.487623006105423, 0.2920617163181305, 0.27995872497558594, 0.41200652718544006], [0.4457454979419708, 0.4325033724308014, 0.2692907750606537, 0.4290391206741333, 0.4217433035373688, 0.535889744758606, 0.3205030858516693, 0.2936215400695801, 0.0, 0.4174468219280243, 0.18374685943126678, 0.313310444355011, 0.382772296667099], [0.47080081701278687, 0.34331074357032776, 0.28245100378990173, 0.3990696668624878, 0.33270999789237976, 0.45422831177711487, 0.29069462418556213, 0.487623006105423, 0.4174468219280243, 0.0, 0.3530498445034027, 0.33231082558631897, 0.4168374836444855], [0.32132482528686523, 0.23646073043346405, 0.24605925381183624, 0.21365129947662354, 0.18361374735832214, 0.3165847659111023, 0.2294057011604309, 0.2920617163181305, 0.18374685943126678, 0.3530498445034027, 0.0, 0.294226735830307, 0.24881236255168915], [0.39238229393959045, 0.3007984161376953, 0.2653357684612274, 0.3474792540073395, 0.36107948422431946, 0.4200364947319031, 0.269459068775177, 0.27995872497558594, 0.313310444355011, 0.33231082558631897, 0.294226735830307, 0.0, 0.36311209201812744], [0.46678683161735535, 0.3508971333503723, 0.24205927550792694, 0.40038302540779114, 0.32140570878982544, 0.6229228973388672, 0.30066534876823425, 0.41200652718544006, 0.382772296667099, 0.4168374836444855, 0.24881236255168915, 0.36311209201812744, 0.0]]}], "attention": [{"key": "fusion_metadata.attention_contribution", "shape": [], "value": null}]}, {"epoch": 2, "loss": 1.4261689186096191, "grad_norm": 35.327423153910786, "adjacency": [{"key": "adjacency_matrix", "shape": [8, 13, 13], "value": [[0.0, 0.42447158694267273, 0.4829610288143158, 0.37457767128944397, 0.5005542635917664, 0.39888444542884827, 0.5716685652732849, 0.51175457239151, 0.529944121837616, 0.4959448575973511, 0.4600965678691864, 0.5035429000854492, 0.49254608154296875], [0.42447158694267273, 0.0, 0.39248624444007874, 0.2671833038330078, 0.4505774676799774, 0.4262613356113434, 0.45239660143852234, 0.46502816677093506, 0.48408693075180054, 0.4137239456176758, 0.41100820899009705, 0.4601125121116638, 0.43278974294662476], [0.4829610288143158, 0.39248624444007874, 0.0, 0.15095463395118713, 0.27665621042251587, 0.1419205516576767, 0.34750568866729736, 0.26853910088539124, 0.3374519348144531, 0.3147295117378235, 0.33335715532302856, 0.3162311315536499, 0.23929883539676666], [0.37457767128944397, 0.2671833038330078, 0.15095463395118713, 0.0, 0.31330758333206177, 0.2484385371208191, 0.4612181782722473, 0.48985832929611206, 0.48889604210853577, 0.3507922291755676, 0.21146510541439056, 0.5136744379997253, 0.32347941398620605], [0.5005542635917664, 0.4505774676799774, 0.27665621042251587, 0.31330758333206177, 0.0, 0.17992697656154633, 0.2796553075313568, 0.3318278193473816, 0.36666953563690186, 0.27980464696884155, 0.3110649883747101, 0.40146604180336, 0.2509380280971527], [0.39888444542884827, 0.4262613356113434, 0.1419205516576767, 0.2484385371208191, 0.17992697656154633, 0.0, 0.5233091711997986, 0.4950338304042816, 0.5704109072685242, 0.44649508595466614, 0.49555712938308716, 0.593217670917511, 0.6122580766677856], [0.5716685652732849, 0.45239660143852234, 0.34750568866729736, 0.4612181782722473, 0.2796553075313568, 0.5233091711997986, 0.0, 0.2644306421279907, 0.31580090522766113, 0.27804234623908997, 0.289409875869751, 0.32767120003700256, 0.2687029242515564], [0.51175457239151, 0.46502816677093506, 0.26853910088539124, 0.48985832929611206, 0.3318278193473816, 0.4950338304042816, 0.2644306421279907, 0.0, 0.3250342011451721, 0.5079315900802612, 0.32650935649871826, 0.39447811245918274, 0.424959272146225], [0.529944121837616, 0.48408693075180054, 0.3374519348144531, 0.48889604210853577, 0.36666953563690186, 0.5704109072685242, 0.31580090522766113, 0.3250342011451721, 0.0, 0.3989063799381256, 0.30017179250717163, 0.45448970794677734, 0.36642271280288696], [0.4959448575973511, 0.4137239456176758, 0.3147295117378235, 0.3507922291755676, 0.27980464696884155, 0.44649508595466614, 0.27804234623908997, 0.5079315900802612, 0.3989063799381256, 0.0, 0.5007386207580566, 0.41043463349342346, 0.3787587583065033], [0.4600965678691864, 0.41100820899009705, 0.33335715532302856, 0.21146510541439056, 0.3110649883747101, 0.49555712938308716, 0.289409875869751, 0.32650935649871826, 0.30017179250717163, 0.5007386207580566, 0.0, 0.4096570312976837, 0.25360190868377686], [0.5035429000854492, 0.4601125121116638, 0.3162311315536499, 0.5136744379997253, 0.40146604180336, 0.593217670917511, 0.32767120003700256, 0.39447811245918274, 0.45448970794677734, 0.41043463349342346, 0.4096570312976837, 0.0, 0.4104923605918884], [0.49254608154296875, 0.43278974294662476, 0.23929883539676666, 0.32347941398620605, 0.2509380280971527, 0.6122580766677856, 0.2687029242515564, 0.424959272146225, 0.36642271280288696, 0.3787587583065033, 0.25360190868377686, 0.4104923605918884, 0.0]]}], "attention": [{"key": "fusion_metadata.attention_contribution", "shape": [], "value": null}]}, {"epoch": 3, "loss": 1.1707390546798706, "grad_norm": 18.248805679613724, "adjacency": [{"key": "adjacency_matrix", "shape": [8, 13, 13], "value": [[0.0, 0.4040369987487793, 0.3204178512096405, 0.29747194051742554, 0.46589651703834534, 0.4439232051372528, 0.5766828656196594, 0.5155493021011353, 0.4866009056568146, 0.5300148725509644, 0.3049231767654419, 0.5211740732192993, 0.4429464340209961], [0.4040369987487793, 0.0, 0.30287906527519226, 0.26826411485671997, 0.4468201994895935, 0.37456148862838745, 0.48796290159225464, 0.4748903810977936, 0.407400518655777, 0.37247008085250854, 0.2779673933982849, 0.42308399081230164, 0.3329559862613678], [0.3204178512096405, 0.30287906527519226, 0.0, 0.1546262800693512, 0.30574849247932434, 0.10554114729166031, 0.3876879811286926, 0.23109765350818634, 0.23735594749450684, 0.24727635085582733, 0.245601624250412, 0.2516522705554962, 0.15148179233074188], [0.29747194051742554, 0.26826411485671997, 0.1546262800693512, 0.0, 0.3338620960712433, 0.3193414509296417, 0.5262259244918823, 0.5118058323860168, 0.4415065348148346, 0.3762202560901642, 0.22378669679164886, 0.4927654266357422, 0.35071679949760437], [0.46589651703834534, 0.4468201994895935, 0.30574849247932434, 0.3338620960712433, 0.0, 0.1924554705619812, 0.31210753321647644, 0.2945871651172638, 0.39391395449638367, 0.2899555265903473, 0.235093891620636, 0.3655600845813751, 0.21934774518013], [0.4439232051372528, 0.37456148862838745, 0.10554114729166031, 0.3193414509296417, 0.1924554705619812, 0.0, 0.562493622303009, 0.5398762822151184, 0.5772803425788879, 0.4282238483428955, 0.43144533038139343, 0.59727543592453, 0.5716648101806641], [0.5766828656196594, 0.48796290159225464, 0.3876879811286926, 0.5262259244918823, 0.31210753321647644, 0.562493622303009, 0.0, 0.29736027121543884, 0.31076133251190186, 0.3372131288051605, 0.21934987604618073, 0.3459838330745697, 0.28437066078186035], [0.5155493021011353, 0.4748903810977936, 0.23109765350818634, 0.5118058323860168, 0.2945871651172638, 0.5398762822151184, 0.29736027121543884, 0.0, 0.3118565082550049, 0.48995959758758545, 0.2989215552806854, 0.357665479183197, 0.41310611367225647], [0.4866009056568146, 0.407400518655777, 0.23735594749450684, 0.4415065348148346, 0.39391395449638367, 0.5772803425788879, 0.31076133251190186, 0.3118565082550049, 0.0, 0.43283209204673767, 0.23850645124912262, 0.3885854482650757, 0.3321380019187927], [0.5300148725509644, 0.37247008085250854, 0.24727635085582733, 0.3762202560901642, 0.2899555265903473, 0.4282238483428955, 0.3372131288051605, 0.48995959758758545, 0.43283209204673767, 0.0, 0.38156479597091675, 0.37517186999320984, 0.3225330710411072], [0.3049231767654419, 0.2779673933982849, 0.245601624250412, 0.22378669679164886, 0.235093891620636, 0.43144533038139343, 0.21934987604618073, 0.2989215552806854, 0.23850645124912262, 0.38156479597091675, 0.0, 0.35067126154899597, 0.2621706426143646], [0.5211740732192993, 0.42308399081230164, 0.2516522705554962, 0.4927654266357422, 0.3655600845813751, 0.59727543592453, 0.3459838330745697, 0.357665479183197, 0.3885854482650757, 0.37517186999320984, 0.35067126154899597, 0.0, 0.364692360162735], [0.4429464340209961, 0.3329559862613678, 0.15148179233074188, 0.35071679949760437, 0.21934774518013, 0.5716648101806641, 0.28437066078186035, 0.41310611367225647, 0.3321380019187927, 0.3225330710411072, 0.2621706426143646, 0.364692360162735, 0.0]]}], "attention": [{"key": "fusion_metadata.attention_contribution", "shape": [], "value": null}]}, {"epoch": 4, "loss": 1.1280862092971802, "grad_norm": 15.383092286414467, "adjacency": [{"key": "adjacency_matrix", "shape": [8, 13, 13], "value": [[0.0, 0.41784825921058655, 0.35104021430015564, 0.27647069096565247, 0.4940865933895111, 0.4186736047267914, 0.49632275104522705, 0.49822917580604553, 0.5035120248794556, 0.506277322769165, 0.3713541030883789, 0.5031459331512451, 0.4423699378967285], [0.41784825921058655, 0.0, 0.3178000748157501, 0.25175222754478455, 0.4154057800769806, 0.3351784646511078, 0.21259500086307526, 0.36890408396720886, 0.447520911693573, 0.31669116020202637, 0.25779592990875244, 0.3904847502708435, 0.29957878589630127], [0.35104021430015564, 0.3178000748157501, 0.0, 0.18128180503845215, 0.282990962266922, 0.08864263445138931, 0.3104374408721924, 0.2100655436515808, 0.192758247256279, 0.21638697385787964, 0.24121715128421783, 0.19166018068790436, 0.14024363458156586], [0.27647069096565247, 0.25175222754478455, 0.18128180503845215, 0.0, 0.3168694078922272, 0.2459706813097, 0.26462695002555847, 0.4322997033596039, 0.3788071870803833, 0.3520324230194092, 0.2144932597875595, 0.46039050817489624, 0.29009169340133667], [0.4940865933895111, 0.4154057800769806, 0.282990962266922, 0.3168694078922272, 0.0, 0.15777285397052765, 0.2368893325328827, 0.2836354970932007, 0.32384806871414185, 0.2624526917934418, 0.2549993693828583, 0.34296944737434387, 0.19499364495277405], [0.4186736047267914, 0.3351784646511078, 0.08864263445138931, 0.2459706813097, 0.15777285397052765, 0.0, 0.43606728315353394, 0.4693761467933655, 0.5914812088012695, 0.4442206621170044, 0.425925612449646, 0.6097139120101929, 0.5776126384735107], [0.49632275104522705, 0.21259500086307526, 0.3104374408721924, 0.26462695002555847, 0.2368893325328827, 0.43606728315353394, 0.0, 0.25664573907852173, 0.3757665157318115, 0.26472771167755127, 0.31857261061668396, 0.36153870820999146, 0.2915610373020172], [0.49822917580604553, 0.36890408396720886, 0.2100655436515808, 0.4322997033596039, 0.2836354970932007, 0.4693761467933655, 0.25664573907852173, 0.0, 0.32011866569519043, 0.4151371717453003, 0.2895345389842987, 0.3725145757198334, 0.36583632230758667], [0.5035120248794556, 0.447520911693573, 0.192758247256279, 0.3788071870803833, 0.32384806871414185, 0.5914812088012695, 0.3757665157318115, 0.32011866569519043, 0.0, 0.4050372242927551, 0.23952344059944153, 0.3930184543132782, 0.3091994822025299], [0.506277322769165, 0.31669116020202637, 0.21638697385787964, 0.3520324230194092, 0.2624526917934418, 0.4442206621170044, 0.26472771167755127, 0.4151371717453003, 0.4050372242927551, 0.0, 0.4202120304107666, 0.4182650148868561, 0.3797625005245209], [0.3713541030883789, 0.25779592990875244, 0.24121715128421783, 0.2144932597875595, 0.2549993693828583, 0.425925612449646, 0.31857261061668396, 0.2895345389842987, 0.23952344059944153, 0.4202120304107666, 0.0, 0.3638002276420593, 0.24985867738723755], [0.5031459331512451, 0.3904847502708435, 0.19166018068790436, 0.46039050817489624, 0.34296944737434387, 0.6097139120101929, 0.36153870820999146, 0.3725145757198334, 0.3930184543132782, 0.4182650148868561, 0.3638002276420593, 0.0, 0.39999714493751526], [0.4423699378967285, 0.29957878589630127, 0.14024363458156586, 0.29009169340133667, 0.19499364495277405, 0.5776126384735107, 0.2915610373020172, 0.36583632230758667, 0.3091994822025299, 0.3797625005245209, 0.24985867738723755, 0.39999714493751526, 0.0]]}], "attention": [{"key": "fusion_metadata.attention_contribution", "shape": [], "value": null}]}, {"epoch": 5, "loss": 1.1076847314834595, "grad_norm": 18.52142138767522, "adjacency": [{"key": "adjacency_matrix", "shape": [8, 13, 13], "value": [[0.0, 0.5222639441490173, 0.2672213017940521, 0.34276750683784485, 0.3926944434642792, 0.29238271713256836, 0.5508556365966797, 0.5183423757553101, 0.4468565583229065, 0.4854285717010498, 0.2501351237297058, 0.4830069839954376, 0.5394827723503113], [0.5222639441490173, 0.0, 0.30488553643226624, 0.2883104979991913, 0.4094376862049103, 0.29084184765815735, 0.30828121304512024, 0.5878294110298157, 0.4945438802242279, 0.31267666816711426, 0.24614238739013672, 0.4134160876274109, 0.40079671144485474], [0.2672213017940521, 0.30488553643226624, 0.0, 0.18625508248806, 0.30064183473587036, 0.10555750131607056, 0.2918786406517029, 0.328838050365448, 0.3003905117511749, 0.21994395554065704, 0.25272926688194275, 0.2293500006198883, 0.2546936571598053], [0.34276750683784485, 0.2883104979991913, 0.18625508248806, 0.0, 0.31807684898376465, 0.30800360441207886, 0.4710157513618469, 0.5786542892456055, 0.3471052944660187, 0.34728291630744934, 0.18082751333713531, 0.4869103729724884, 0.4702051877975464], [0.3926944434642792, 0.4094376862049103, 0.30064183473587036, 0.31807684898376465, 0.0, 0.18134328722953796, 0.2884019911289215, 0.31919464468955994, 0.30073678493499756, 0.25408968329429626, 0.17560367286205292, 0.3124772012233734, 0.2711604833602905], [0.29238271713256836, 0.29084184765815735, 0.10555750131607056, 0.30800360441207886, 0.18134328722953796, 0.0, 0.5490467548370361, 0.6015645861625671, 0.6547589898109436, 0.48126307129859924, 0.41552650928497314, 0.6336727738380432, 0.5935112833976746], [0.5508556365966797, 0.30828121304512024, 0.2918786406517029, 0.4710157513618469, 0.2884019911289215, 0.5490467548370361, 0.0, 0.4211116135120392, 0.31003573536872864, 0.2894291281700134, 0.2061454802751541, 0.36621415615081787, 0.3652786314487457], [0.5183423757553101, 0.5878294110298157, 0.328838050365448, 0.5786542892456055, 0.31919464468955994, 0.6015645861625671, 0.4211116135120392, 0.0, 0.3988926112651825, 0.5052399635314941, 0.2502064108848572, 0.39202481508255005, 0.4668522775173187], [0.4468565583229065, 0.4945438802242279, 0.3003905117511749, 0.3471052944660187, 0.30073678493499756, 0.6547589898109436, 0.31003573536872864, 0.3988926112651825, 0.0, 0.4965352416038513, 0.2694941461086273, 0.46590423583984375, 0.5101674199104309], [0.4854285717010498, 0.31267666816711426, 0.21994395554065704, 0.34728291630744934, 0.25408968329429626, 0.48126307129859924, 0.2894291281700134, 0.5052399635314941, 0.4965352416038513, 0.0, 0.37623491883277893, 0.43649956583976746, 0.5096800327301025], [0.2501351237297058, 0.24614238739013672, 0.25272926688194275, 0.18082751333713531, 0.17560367286205292, 0.41552650928497314, 0.2061454802751541, 0.2502064108848572, 0.2694941461086273, 0.37623491883277893, 0.0, 0.40056920051574707, 0.32676899433135986], [0.4830069839954376, 0.4134160876274109, 0.2293500006198883, 0.4869103729724884, 0.3124772012233734, 0.6336727738380432, 0.36621415615081787, 0.39202481508255005, 0.46590423583984375, 0.43649956583976746, 0.40056920051574707, 0.0, 0.5494216084480286], [0.5394827723503113, 0.40079671144485474, 0.2546936571598053, 0.4702051877975464, 0.2711604833602905, 0.5935112833976746, 0.3652786314487457, 0.4668522775173187, 0.5101674199104309, 0.5096800327301025, 0.32676899433135986, 0.5494216084480286, 0.0]]}], "attention": [{"key": "fusion_metadata.attention_contribution", "shape": [], "value": null}]}, {"epoch": 6, "loss": 1.039764642715454, "grad_norm": 14.03056392018334, "adjacency": [{"key": "adjacency_matrix", "shape": [8, 13, 13], "value": [[0.0, 0.5219029188156128, 0.4337570369243622, 0.5062803030014038, 0.5039132833480835, 0.44279012084007263, 0.5736305713653564, 0.6090956330299377, 0.5136547684669495, 0.5863237977027893, 0.3837226331233978, 0.5398873686790466, 0.5967348217964172], [0.5219029188156128, 0.0, 0.2858102321624756, 0.24704046547412872, 0.30752673745155334, 0.3236784040927887, 0.250271201133728, 0.4663054943084717, 0.427872896194458, 0.30633988976478577, 0.24518105387687683, 0.41233524680137634, 0.34594404697418213], [0.4337570369243622, 0.2858102321624756, 0.0, 0.19748419523239136, 0.3018091022968292, 0.10646015405654907, 0.3561144471168518, 0.36019688844680786, 0.2457130253314972, 0.25675955414772034, 0.27320846915245056, 0.27411383390426636, 0.20306836068630219], [0.5062803030014038, 0.24704046547412872, 0.19748419523239136, 0.0, 0.25539451837539673, 0.2963328957557678, 0.39843565225601196, 0.4364127218723297, 0.42513611912727356, 0.37479719519615173, 0.16046473383903503, 0.5024939775466919, 0.372609943151474], [0.5039132833480835, 0.30752673745155334, 0.3018091022968292, 0.25539451837539673, 0.0, 0.24605584144592285, 0.35364753007888794, 0.4002913236618042, 0.4479861855506897, 0.2890286147594452, 0.1515732705593109, 0.48292940855026245, 0.339901864528656], [0.44279012084007263, 0.3236784040927887, 0.10646015405654907, 0.2963328957557678, 0.24605584144592285, 0.0, 0.4886501729488373, 0.552233099937439, 0.5735456943511963, 0.4860578775405884, 0.40270912647247314, 0.6128866672515869, 0.6800518035888672], [0.5736305713653564, 0.250271201133728, 0.3561144471168518, 0.39843565225601196, 0.35364753007888794, 0.4886501729488373, 0.0, 0.3257347643375397, 0.37002354860305786, 0.3145838677883148, 0.22334635257720947, 0.38489407300949097, 0.27285322546958923], [0.6090956330299377, 0.4663054943084717, 0.36019688844680786, 0.4364127218723297, 0.4002913236618042, 0.552233099937439, 0.3257347643375397, 0.0, 0.35579976439476013, 0.4965364336967468, 0.20324188470840454, 0.3794550597667694, 0.37972795963287354], [0.5136547684669495, 0.427872896194458, 0.2457130253314972, 0.42513611912727356, 0.4479861855506897, 0.5735456943511963, 0.37002354860305786, 0.35579976439476013, 0.0, 0.4322836697101593, 0.2537674903869629, 0.40981313586235046, 0.4360947608947754], [0.5863237977027893, 0.30633988976478577, 0.25675955414772034, 0.37479719519615173, 0.2890286147594452, 0.4860578775405884, 0.3145838677883148, 0.4965364336967468, 0.4322836697101593, 0.0, 0.4000890552997589, 0.42806997895240784, 0.43005457520484924], [0.3837226331233978, 0.24518105387687683, 0.27320846915245056, 0.16046473383903503, 0.1515732705593109, 0.40270912647247314, 0.22334635257720947, 0.20324188470840454, 0.2537674903869629, 0.4000890552997589, 0.0, 0.37553098797798157, 0.2809875011444092], [0.5398873686790466, 0.41233524680137634, 0.27411383390426636, 0.5024939775466919, 0.48292940855026245, 0.6128866672515869, 0.38489407300949097, 0.3794550597667694, 0.40981313586235046, 0.42806997895240784, 0.37553098797798157, 0.0, 0.4554404020309448], [0.5967348217964172, 0.34594404697418213, 0.20306836068630219, 0.372609943151474, 0.339901864528656, 0.6800518035888672, 0.27285322546958923, 0.37972795963287354, 0.4360947608947754, 0.43005457520484924, 0.2809875011444092, 0.4554404020309448, 0.0]]}], "attention": [{"key": "fusion_metadata.attention_contribution", "shape": [], "value": null}]}, {"epoch": 7, "loss": 0.9707145690917969, "grad_norm": 10.092478325066622, "adjacency": [{"key": "adjacency_matrix", "shape": [8, 13, 13], "value": [[0.0, 0.38627123832702637, 0.29826733469963074, 0.29186010360717773, 0.442344605922699, 0.35467055439949036, 0.4935930371284485, 0.5509095788002014, 0.5008192658424377, 0.44822293519973755, 0.31397441029548645, 0.5185686945915222, 0.4188021719455719], [0.38627123832702637, 0.0, 0.37466487288475037, 0.3159852623939514, 0.4519621431827545, 0.3994482457637787, 0.3307056725025177, 0.5303278565406799, 0.5138262510299683, 0.3716115951538086, 0.293476402759552, 0.41686078906059265, 0.36680448055267334], [0.29826733469963074, 0.37466487288475037, 0.0, 0.15792635083198547, 0.24090908467769623, 0.11878149956464767, 0.24232719838619232, 0.2946895956993103, 0.290857195854187, 0.21401432156562805, 0.2643153667449951, 0.2847805321216583, 0.18635717034339905], [0.29186010360717773, 0.3159852623939514, 0.15792635083198547, 0.0, 0.30526426434516907, 0.3328585922718048, 0.4735852777957916, 0.5614546537399292, 0.432124525308609, 0.40250125527381897, 0.1878991574048996, 0.4772215783596039, 0.3756205439567566], [0.442344605922699, 0.4519621431827545, 0.24090908467769623, 0.30526426434516907, 0.0, 0.1972467303276062, 0.3851993978023529, 0.4204694628715515, 0.4412370026111603, 0.2824036777019501, 0.24062055349349976, 0.44764336943626404, 0.2780068814754486], [0.35467055439949036, 0.3994482457637787, 0.11878149956464767, 0.3328585922718048, 0.1972467303276062, 0.0, 0.5449326038360596, 0.6129590272903442, 0.6338947415351868, 0.4771159589290619, 0.4513836205005646, 0.5608052015304565, 0.6782777905464172], [0.4935930371284485, 0.3307056725025177, 0.24232719838619232, 0.4735852777957916, 0.3851993978023529, 0.5449326038360596, 0.0, 0.3615367114543915, 0.3498280346393585, 0.3420811891555786, 0.23036490380764008, 0.3392333984375, 0.31031644344329834], [0.5509095788002014, 0.5303278565406799, 0.2946895956993103, 0.5614546537399292, 0.4204694628715515, 0.6129590272903442, 0.3615367114543915, 0.0, 0.3829725682735443, 0.438973069190979, 0.2780449688434601, 0.3238357901573181, 0.4132784307003021], [0.5008192658424377, 0.5138262510299683, 0.290857195854187, 0.432124525308609, 0.4412370026111603, 0.6338947415351868, 0.3498280346393585, 0.3829725682735443, 0.0, 0.4359549880027771, 0.23663099110126495, 0.4402373135089874, 0.40873098373413086], [0.44822293519973755, 0.3716115951538086, 0.21401432156562805, 0.40250125527381897, 0.2824036777019501, 0.4771159589290619, 0.3420811891555786, 0.438973069190979, 0.4359549880027771, 0.0, 0.4044298529624939, 0.4359988272190094, 0.406902939081192], [0.31397441029548645, 0.293476402759552, 0.2643153667449951, 0.1878991574048996, 0.24062055349349976, 0.4513836205005646, 0.23036490380764008, 0.2780449688434601, 0.23663099110126495, 0.4044298529624939, 0.0, 0.314128041267395, 0.2931550443172455], [0.5185686945915222, 0.41686078906059265, 0.2847805321216583, 0.4772215783596039, 0.44764336943626404, 0.5608052015304565, 0.3392333984375, 0.3238357901573181, 0.4402373135089874, 0.4359988272190094, 0.314128041267395, 0.0, 0.41023674607276917], [0.4188021719455719, 0.36680448055267334, 0.18635717034339905, 0.3756205439567566, 0.2780068814754486, 0.6782777905464172, 0.31031644344329834, 0.4132784307003021, 0.40873098373413086, 0.406902939081192, 0.2931550443172455, 0.41023674607276917, 0.0]]}], "attention": [{"key": "fusion_metadata.attention_contribution", "shape": [], "value": null}]}, {"epoch": 8, "loss": 0.9172899127006531, "grad_norm": 7.572882349573774, "adjacency": [{"key": "adjacency_matrix", "shape": [8, 13, 13], "value": [[0.0, 0.30825304985046387, 0.21699991822242737, 0.2024102509021759, 0.29173776507377625, 0.15303225815296173, 0.33364245295524597, 0.33301499485969543, 0.38316765427589417, 0.2568010091781616, 0.34144777059555054, 0.39450815320014954, 0.20339831709861755], [0.30825304985046387, 0.0, 0.35881707072257996, 0.2817977964878082, 0.40128111839294434, 0.38611215353012085, 0.25247445702552795, 0.5239253044128418, 0.40600353479385376, 0.3481135070323944, 0.35259944200515747, 0.4576336443424225, 0.32861462235450745], [0.21699991822242737, 0.35881707072257996, 0.0, 0.161429300904274, 0.292049378156662, 0.12933644652366638, 0.23466412723064423, 0.2631838619709015, 0.2515811622142792, 0.22502626478672028, 0.3363460302352905, 0.25913500785827637, 0.16897732019424438], [0.2024102509021759, 0.2817977964878082, 0.161429300904274, 0.0, 0.28511321544647217, 0.1793421357870102, 0.4370289444923401, 0.5290365815162659, 0.45973050594329834, 0.37204620242118835, 0.23026812076568604, 0.5646721720695496, 0.3722860813140869], [0.29173776507377625, 0.40128111839294434, 0.292049378156662, 0.28511321544647217, 0.0, 0.21391214430332184, 0.2383521944284439, 0.34874945878982544, 0.3766957223415375, 0.34426039457321167, 0.32258033752441406, 0.4063018262386322, 0.2132662832736969], [0.15303225815296173, 0.38611215353012085, 0.12933644652366638, 0.1793421357870102, 0.21391214430332184, 0.0, 0.5031419396400452, 0.6376907825469971, 0.5907941460609436, 0.4165351092815399, 0.46002116799354553, 0.6012169122695923, 0.5925970673561096], [0.33364245295524597, 0.25247445702552795, 0.23466412723064423, 0.4370289444923401, 0.2383521944284439, 0.5031419396400452, 0.0, 0.4207214415073395, 0.38338804244995117, 0.2810972034931183, 0.37147659063339233, 0.41771000623703003, 0.30739670991897583], [0.33301499485969543, 0.5239253044128418, 0.2631838619709015, 0.5290365815162659, 0.34874945878982544, 0.6376907825469971, 0.4207214415073395, 0.0, 0.3384949266910553, 0.4865962862968445, 0.31542685627937317, 0.42988449335098267, 0.4378468990325928], [0.38316765427589417, 0.40600353479385376, 0.2515811622142792, 0.45973050594329834, 0.3766957223415375, 0.5907941460609436, 0.38338804244995117, 0.3384949266910553, 0.0, 0.4116382598876953, 0.32039564847946167, 0.46697065234184265, 0.3840761184692383], [0.2568010091781616, 0.3481135070323944, 0.22502626478672028, 0.37204620242118835, 0.34426039457321167, 0.4165351092815399, 0.2810972034931183, 0.4865962862968445, 0.4116382598876953, 0.0, 0.5070348381996155, 0.4701822102069855, 0.3704502582550049], [0.34144777059555054, 0.35259944200515747, 0.3363460302352905, 0.23026812076568604, 0.32258033752441406, 0.46002116799354553, 0.37147659063339233, 0.31542685627937317, 0.32039564847946167, 0.5070348381996155, 0.0, 0.36748015880584717, 0.22291135787963867], [0.39450815320014954, 0.4576336443424225, 0.25913500785827637, 0.5646721720695496, 0.4063018262386322, 0.6012169122695923, 0.41771000623703003, 0.42988449335098267, 0.46697065234184265, 0.4701822102069855, 0.36748015880584717, 0.0, 0.3655172884464264], [0.20339831709861755, 0.32861462235450745, 0.16897732019424438, 0.3722860813140869, 0.2132662832736969, 0.5925970673561096, 0.30739670991897583, 0.4378468990325928, 0.3840761184692383, 0.3704502582550049, 0.22291135787963867, 0.3655172884464264, 0.0]]}], "attention": [{"key": "fusion_metadata.attention_contribution", "shape": [], "value": null}]}, {"epoch": 9, "loss": 0.8796544671058655, "grad_norm": 5.709500047785696, "adjacency": [{"key": "adjacency_matrix", "shape": [8, 13, 13], "value": [[0.0, 0.5284922122955322, 0.44552820920944214, 0.38060879707336426, 0.5447821021080017, 0.44727692008018494, 0.610903799533844, 0.5765270590782166, 0.6193718314170837, 0.5282803177833557, 0.312927782535553, 0.6073674559593201, 0.5272270441055298], [0.5284922122955322, 0.0, 0.3467538356781006, 0.23408348858356476, 0.42773881554603577, 0.33081331849098206, 0.3360917866230011, 0.4882364869117737, 0.4777767062187195, 0.35200828313827515, 0.2350253015756607, 0.4496181309223175, 0.33836305141448975], [0.44552820920944214, 0.3467538356781006, 0.0, 0.20489318668842316, 0.30922648310661316, 0.11745059490203857, 0.46304118633270264, 0.32103100419044495, 0.34253570437431335, 0.3477120101451874, 0.2745189368724823, 0.3144644796848297, 0.23886442184448242], [0.38060879707336426, 0.23408348858356476, 0.20489318668842316, 0.0, 0.3237338364124298, 0.2931250333786011, 0.44870617985725403, 0.5312160849571228, 0.4595344066619873, 0.40349167585372925, 0.15259315073490143, 0.5138313174247742, 0.331476628780365], [0.5447821021080017, 0.42773881554603577, 0.30922648310661316, 0.3237338364124298, 0.0, 0.19858071208000183, 0.3008946478366852, 0.329081267118454, 0.4284670650959015, 0.31095802783966064, 0.24155503511428833, 0.42218017578125, 0.24721741676330566], [0.44727692008018494, 0.33081331849098206, 0.11745059490203857, 0.2931250333786011, 0.19858071208000183, 0.0, 0.5506013035774231, 0.5590893626213074, 0.6401460766792297, 0.4843364953994751, 0.3745464086532593, 0.6224431395530701, 0.6329278349876404], [0.610903799533844, 0.3360917866230011, 0.46304118633270264, 0.44870617985725403, 0.3008946478366852, 0.5506013035774231, 0.0, 0.3756932318210602, 0.34509140253067017, 0.3157608211040497, 0.19667001068592072, 0.3705175817012787, 0.2965325117111206], [0.5765270590782166, 0.4882364869117737, 0.32103100419044495, 0.5312160849571228, 0.329081267118454, 0.5590893626213074, 0.3756932318210602, 0.0, 0.4137892425060272, 0.5368626713752747, 0.2598062753677368, 0.4335208237171173, 0.43448606133461], [0.6193718314170837, 0.4777767062187195, 0.34253570437431335, 0.4595344066619873, 0.4284670650959015, 0.6401460766792297, 0.34509140253067017, 0.4137892425060272, 0.0, 0.4193713963031769, 0.1925637274980545, 0.417360782623291, 0.34008148312568665], [0.5282803177833557, 0.35200828313827515, 0.3477120101451874, 0.40349167585372925, 0.31095802783966064, 0.4843364953994751, 0.3157608211040497, 0.5368626713752747, 0.4193713963031769, 0.0, 0.3468322157859802, 0.4691198170185089, 0.42213380336761475], [0.312927782535553, 0.2350253015756607, 0.2745189368724823, 0.15259315073490143, 0.24155503511428833, 0.3745464086532593, 0.19667001068592072, 0.2598062753677368, 0.1925637274980545, 0.3468322157859802, 0.0, 0.4472774565219879, 0.2643626630306244], [0.6073674559593201, 0.4496181309223175, 0.3144644796848297, 0.5138313174247742, 0.42218017578125, 0.6224431395530701, 0.3705175817012787, 0.4335208237171173, 0.417360782623291, 0.4691198170185089, 0.4472774565219879, 0.0, 0.44274118542671204], [0.5272270441055298, 0.33836305141448975, 0.23886442184448242, 0.331476628780365, 0.24721741676330566, 0.6329278349876404, 0.2965325117111206, 0.43448606133461, 0.34008148312568665, 0.42213380336761475, 0.2643626630306244, 0.44274118542671204, 0.0]]}], "atten